010802
011003
011204
011509
020404
020602
021407
021601
021702
021916
022003
022507
022704
023004
023303
023401
023402
023422
023429
024003
030101
030103
030215
030234
030282
030304
030340
030345
030415
030424
030425
030905
030907
030921
040110
040204
040212
040238
040406
040624
040830
040840
041902
043003
043012
046709
050119
050135
050144
050304
050408
050409
050702
050801
050812
050915
050916
051001
051005
051502
052212
052219
052233
052401
052601
052606
052805
060102
060704
061020
061022
061024
061028
061502
061801
061901
061909
062102
062114
062701
062803
064101
070204
071401
072301
073503
074903